step=0.001
start=3.3
0
0.018806
0.037347
0.055624
0.073642
0.091402
0.10891
0.12616
0.14316
0.15992
0.17643
0.19271
0.20874
0.22454
0.2401
0.25543
0.27054
0.28542
0.30007
0.31451
0.32873
0.34274
0.35653
0.37011
0.38349
0.39667
0.40964
0.42241
0.43499
0.44738
0.45957
0.47158
0.4834
0.49504
0.5065
0.51779
0.5289
0.53983
0.5506
0.5612
0.57164
0.58192
0.59204
0.602
0.61181
0.62147
0.63099
0.64036
0.64958
0.65867
0.66762
0.67643
0.68512
0.69367
0.7021
0.71041
0.7186
0.72666
0.73462
0.74246
0.75019
0.75781
0.76533
0.77274
0.78006
0.78728
0.79441
0.80144
0.80839
0.81525
0.82203
0.82872
0.83534
0.84189
0.84836
0.85476
0.8611
0.86737
0.87358
0.87973
0.88582
0.89186
0.89785
0.90379
0.90969
0.91554
0.92135
0.92713
0.93287
0.93857
0.94425
0.9499
0.95553
0.96114
0.96672
0.97229
0.97785
0.9834
0.98894
0.99447
1
1.0055
1.0111
1.0166
1.0221
1.0277
1.0333
1.0389
1.0445
1.0501
1.0557
1.0614
1.0671
1.0729
1.0786
1.0845
1.0903
1.0962
1.1021
1.1081
1.1142
1.1203
1.1264
1.1326
1.1389
1.1452
1.1516
1.1581
1.1647
1.1713
1.178
1.1848
1.1916
1.1986
1.2056
1.2127
1.2199
1.2273
1.2347
1.2422
1.2498
1.2575
1.2654
1.2733
1.2814
1.2896
1.2979
1.3063
1.3149
1.3236
1.3324
1.3413
1.3504
1.3596
1.369
1.3785
1.3882
1.398
1.408
1.4181
1.4284
1.4388
1.4494
1.4602
1.4711
1.4822
1.4935
1.505
1.5166
1.5284
1.5404
1.5526
1.565
1.5776
1.5904
1.6033
1.6165
1.6299
1.6435
1.6573
1.6713
1.6855
1.6999
1.7146
1.7295
1.7446
1.7599
1.7755
1.7913
1.8073
1.8236
1.8401
1.8568
1.8738
1.8911
1.9086
1.9264
1.9444
1.9627
1.9812
2
2.0191
2.0384
2.058
2.0779
2.098
2.1184
2.1391
2.16
2.1811
2.2026
2.2242
2.2462
2.2684
2.2908
2.3135
2.3364
2.3596
2.383
2.4067
2.4306
2.4547
2.4791
2.5037
2.5285
2.5536
2.579
2.6045
2.6303
2.6563
2.6825
2.709
2.7357
2.7626
2.7897
2.8171
2.8447
2.8724
2.9004
2.9287
2.9571
2.9857
3.0146
3.0437
3.0729
3.1024
3.1321
3.162
3.1921
3.2224
3.2529
3.2835
3.3144
3.3455
3.3768
3.4082
3.4399
3.4717
3.5038
3.536
3.5684
3.601
3.6337
3.6667
3.6998
3.7331
3.7666
3.8003
3.8341
3.8681
3.9023
3.9366
3.9711
4.0058
4.0406
4.0757
4.1108
4.1462
4.1816
4.2173
4.2531
4.2891
4.3252
4.3614
4.3979
4.4344
4.4712
4.508
4.545
4.5822
4.6195
4.6569
4.6945
4.7322
4.7701
4.8081
4.8462
4.8844
4.9228
4.9614
5
5.0388
5.0777
5.1169
5.1562
5.1958
5.2357
5.276
5.3166
5.3576
5.399
5.4408
5.4832
5.5261
5.5695
5.6135
5.6582
5.7035
5.7494
5.7962
5.8436
5.8919
5.9409
5.9908
6.0416
6.0934
6.146
6.1997
6.2544
6.3101
6.3669
6.4248
6.4839
6.5441
6.6056
6.6683
6.7323
6.7976
6.8643
6.9323
7.0018
7.0727
7.145
7.2189
7.2944
7.3714
7.45
7.5302
7.6122
7.6958
7.7812
7.8684
7.9573
8.0481
8.1408
8.2354
8.3319
8.4304
8.531
8.6335
8.7381
8.8448
8.9537
9.0647
9.178
9.2935
9.4112
9.5312
9.6536
9.7784
9.9055
10.0351
10.1671
10.3017
10.4388
10.5784
10.7207
10.8656
11.0131
11.1633
11.3163
11.4721
11.6306
11.792
11.9562
12.1233
12.2933
12.4664
12.6424
12.8214
13.0035
13.1887
13.377
13.5685
13.7631
13.961
14.1622
14.3666
14.5744
14.7855
15
15.2179
15.4392
15.6638
15.8916
16.1226
16.3568
16.594
16.8343
17.0775
17.3236
17.5725
17.8242
18.0786
18.3357
18.5954
18.8577
19.1224
19.3896
19.6591
19.931
20.2051
20.4814
20.7598
21.0404
21.3229
21.6074
21.8938
22.1821
22.4721
22.7639
23.0573
23.3524
23.649
23.9471
24.2466
24.5475
24.8498
25.1533
25.458
25.7638
26.0707
26.3787
26.6876
26.9975
27.3082
27.6196
27.9319
28.2448
28.5583
28.8724
29.1869
29.502
29.8174
30.1331
30.4491
30.7653
31.0817
31.3982
31.7147
32.0311
32.3475
32.6638
32.9798
33.2956
33.6111
33.9262
34.2409
34.555
34.8687
35.1817
35.494
35.8057
36.1165
36.4265
36.7356
37.0438
37.3509
37.657
37.9619
38.2656
38.5681
38.8693
39.1691
39.4675
39.7644
40.0597
40.3535
40.6456
40.9359
41.2245
41.5113
41.7962
42.0791
42.36
42.6389
42.9156
43.1901
43.4624
43.7324
44
44.2652
44.5281
44.7885
45.0466
45.3025
45.556
45.8073
46.0563
46.3031
46.5478
46.7903
47.0307
47.269
47.5052
47.7393
47.9715
48.2016
48.4298
48.6561
48.8804
49.1029
49.3235
49.5422
49.7592
49.9744
50.1878
50.3995
50.6095
50.8179
51.0246
51.2297
51.4332
51.6351
51.8355
52.0343
52.2317
52.4277
52.6222
52.8153
53.007
53.1974
53.3864
53.5742
53.7607
53.9459
54.1299
54.3127
54.4944
54.6749
54.8544
55.0327
55.21
55.3862
55.5615
55.7357
55.9091
56.0815
56.253
56.4236
56.5934
56.7624
56.9305
57.098
57.2646
57.4306
57.5959
57.7605
57.9245
58.0879
58.2508
58.413
58.5748
58.736
58.8968
59.0572
59.2171
59.3766
59.5358
59.6946
59.8532
60.0114
60.1694
60.3272
60.4847
60.6421
60.7994
60.9565
61.1135
61.2704
61.4274
61.5843
61.7412
61.8981
62.0551
62.2122
62.3694
62.5268
62.6843
62.842
63
63.1582
63.3166
63.4753
63.6343
63.7934
63.9528
64.1123
64.2721
64.4321
64.5923
64.7527
64.9132
65.0739
65.2348
65.3959
65.5571
65.7184
65.8799
66.0416
66.2033
66.3652
66.5272
66.6894
66.8516
67.0139
67.1763
67.3388
67.5014
67.6641
67.8268
67.9896
68.1524
68.3153
68.4782
68.6411
68.8041
68.9671
69.1301
69.2932
69.4562
69.6192
69.7822
69.9452
70.1082
70.2711
70.434
70.5969
70.7597
70.9225
71.0852
71.2478
71.4104
71.5728
71.7352
71.8975
72.0597
72.2218
72.3838
72.5456
72.7073
72.8689
73.0304
73.1917
73.3529
73.5139
73.6747
73.8354
73.9959
74.1562
74.3163
74.4762
74.636
74.7955
74.9548
75.1138
75.2727
75.4313
75.5897
75.7478
75.9057
76.0633
76.2206
76.3777
76.5345
76.691
76.8472
77.0031
77.1587
77.3141
77.469
77.6237
77.778
77.932
78.0857
78.239
78.3919
78.5445
78.6967
78.8485
79
79.1511
79.3017
79.452
79.6019
79.7514
79.9006
80.0493
80.1976
80.3455
80.4931
80.6402
80.7869
80.9332
81.0792
81.2247
81.3698
81.5145
81.6588
81.8027
81.9462
82.0893
82.2319
82.3742
82.516
82.6574
82.7985
82.939
83.0792
83.219
83.3583
83.4972
83.6357
83.7738
83.9114
84.0486
84.1854
84.3218
84.4577
84.5932
84.7283
84.8629
84.9971
85.1309
85.2642
85.3971
85.5295
85.6615
85.7931
85.9243
86.0549
86.1852
86.315
86.4443
86.5732
86.7017
86.8297
86.9573
87.0844
87.211
87.3372
87.463
87.5883
87.7131
87.8375
87.9614
88.0848
88.2078
88.3303
88.4524
88.574
88.6951
88.8158
88.936
89.0557
89.175
89.2937
89.4121
89.5299
89.6472
89.7641
89.8805
89.9965
90.1119
90.2269
90.3414
90.4554
90.5689
90.6819
90.7944
90.9065
91.0181
91.1292
91.2397
91.3498
91.4594
91.5685
91.6772
91.7853
91.8929
92
92.1066
92.2127
92.3183
92.4235
92.5281
92.6322
92.7358
92.8388
92.9414
93.0435
93.1451
93.2461
93.3466
93.4466
93.5461
93.6451
93.7436
93.8415
93.939
94.0359
94.1323
94.2281
94.3234
94.4183
94.5125
94.6063
94.6995
94.7922
94.8844
94.976
95.0671
95.1577
95.2477
95.3372
95.4261
95.5145
95.6024
95.6897
95.7765
95.8628
95.9485
96.0336
96.1182
96.2023
96.2858
96.3688
96.4512
96.533
96.6143
96.6951
96.7752
96.8549
96.934
97.0125
97.0904
97.1678
97.2446
97.3209
97.3966
97.4717
97.5463
97.6203
97.6937
97.7666
97.8389
97.9106
97.9817
98.0523
98.1223
98.1917
98.2605
98.3288
98.3965
98.4635
98.5301
98.596
98.6613
98.7261
98.7902
98.8538
98.9168
98.9792
99.041
99.1022
99.1628
99.2228
99.2823
99.3411
99.3993
99.4569
99.514
99.5704
99.6262
99.6814
99.7361
99.7901
99.8435
99.8963
99.9484
100